Person ID,Age,Sleep Duration,Quality of Sleep,Physical Activity Level,Stress Level,Heart Rate,Daily Steps,BMI Category Rating,Female,Male,Accountant,Doctor,Engineer,Lawyer,Manager,Nurse,Sales Representative,Salesperson,Scientist,Software Engineer,Teacher,Sleep Disorder
1,27,6.1,6,42,6,77,4200,1.0,0,1,0,0,0,0,0,0,0,0,0,1,0,No Disorder
2,28,6.2,6,60,8,75,10000,0.0,0,1,0,1,0,0,0,0,0,0,0,0,0,No Disorder
3,28,6.2,6,60,8,75,10000,0.0,0,1,0,1,0,0,0,0,0,0,0,0,0,No Disorder
4,28,5.9,4,30,8,85,3000,2.0,0,1,0,0,0,0,0,0,1,0,0,0,0,Sleep Apnea
5,28,5.9,4,30,8,85,3000,2.0,0,1,0,0,0,0,0,0,1,0,0,0,0,Sleep Apnea
6,28,5.9,4,30,8,85,3000,2.0,0,1,0,0,0,0,0,0,0,0,0,1,0,Insomnia
7,29,6.3,6,40,7,82,3500,2.0,0,1,0,0,0,0,0,0,0,0,0,0,1,Insomnia
8,29,7.8,7,75,6,70,8000,0.0,0,1,0,1,0,0,0,0,0,0,0,0,0,No Disorder
9,29,7.8,7,75,6,70,8000,0.0,0,1,0,1,0,0,0,0,0,0,0,0,0,No Disorder
10,29,7.8,7,75,6,70,8000,0.0,0,1,0,1,0,0,0,0,0,0,0,0,0,No Disorder
11,29,6.1,6,30,8,70,8000,0.0,0,1,0,1,0,0,0,0,0,0,0,0,0,No Disorder
12,29,7.8,7,75,6,70,8000,0.0,0,1,0,1,0,0,0,0,0,0,0,0,0,No Disorder
13,29,6.1,6,30,8,70,8000,0.0,0,1,0,1,0,0,0,0,0,0,0,0,0,No Disorder
14,29,6.0,6,30,8,70,8000,0.0,0,1,0,1,0,0,0,0,0,0,0,0,0,No Disorder
15,29,6.0,6,30,8,70,8000,0.0,0,1,0,1,0,0,0,0,0,0,0,0,0,No Disorder
16,29,6.0,6,30,8,70,8000,0.0,0,1,0,1,0,0,0,0,0,0,0,0,0,No Disorder
17,29,6.5,5,40,7,80,4000,0.0,1,0,0,0,0,0,0,1,0,0,0,0,0,Sleep Apnea
18,29,6.0,6,30,8,70,8000,0.0,0,1,0,1,0,0,0,0,0,0,0,0,0,Sleep Apnea
19,29,6.5,5,40,7,80,4000,0.0,1,0,0,0,0,0,0,1,0,0,0,0,0,Insomnia
20,30,7.6,7,75,6,70,8000,0.0,0,1,0,1,0,0,0,0,0,0,0,0,0,No Disorder
21,30,7.7,7,75,6,70,8000,0.0,0,1,0,1,0,0,0,0,0,0,0,0,0,No Disorder
22,30,7.7,7,75,6,70,8000,0.0,0,1,0,1,0,0,0,0,0,0,0,0,0,No Disorder
23,30,7.7,7,75,6,70,8000,0.0,0,1,0,1,0,0,0,0,0,0,0,0,0,No Disorder
24,30,7.7,7,75,6,70,8000,0.0,0,1,0,1,0,0,0,0,0,0,0,0,0,No Disorder
25,30,7.8,7,75,6,70,8000,0.0,0,1,0,1,0,0,0,0,0,0,0,0,0,No Disorder
26,30,7.9,7,75,6,70,8000,0.0,0,1,0,1,0,0,0,0,0,0,0,0,0,No Disorder
27,30,7.8,7,75,6,70,8000,0.0,0,1,0,1,0,0,0,0,0,0,0,0,0,No Disorder
28,30,7.9,7,75,6,70,8000,0.0,0,1,0,1,0,0,0,0,0,0,0,0,0,No Disorder
29,30,7.9,7,75,6,70,8000,0.0,0,1,0,1,0,0,0,0,0,0,0,0,0,No Disorder
30,30,7.9,7,75,6,70,8000,0.0,0,1,0,1,0,0,0,0,0,0,0,0,0,No Disorder
31,30,6.4,5,35,7,78,4100,0.0,1,0,0,0,0,0,0,1,0,0,0,0,0,Sleep Apnea
32,30,6.4,5,35,7,78,4100,0.0,1,0,0,0,0,0,0,1,0,0,0,0,0,Insomnia
33,31,7.9,8,75,4,69,6800,0.0,1,0,0,0,0,0,0,1,0,0,0,0,0,No Disorder
34,31,6.1,6,30,8,72,5000,0.0,0,1,0,1,0,0,0,0,0,0,0,0,0,No Disorder
35,31,7.7,7,75,6,70,8000,0.0,0,1,0,1,0,0,0,0,0,0,0,0,0,No Disorder
36,31,6.1,6,30,8,72,5000,0.0,0,1,0,1,0,0,0,0,0,0,0,0,0,No Disorder
37,31,6.1,6,30,8,72,5000,0.0,0,1,0,1,0,0,0,0,0,0,0,0,0,No Disorder
38,31,7.6,7,75,6,70,8000,0.0,0,1,0,1,0,0,0,0,0,0,0,0,0,No Disorder
39,31,7.6,7,75,6,70,8000,0.0,0,1,0,1,0,0,0,0,0,0,0,0,0,No Disorder
40,31,7.6,7,75,6,70,8000,0.0,0,1,0,1,0,0,0,0,0,0,0,0,0,No Disorder
41,31,7.7,7,75,6,70,8000,0.0,0,1,0,1,0,0,0,0,0,0,0,0,0,No Disorder
42,31,7.7,7,75,6,70,8000,0.0,0,1,0,1,0,0,0,0,0,0,0,0,0,No Disorder
43,31,7.7,7,75,6,70,8000,0.0,0,1,0,1,0,0,0,0,0,0,0,0,0,No Disorder
44,31,7.8,7,75,6,70,8000,0.0,0,1,0,1,0,0,0,0,0,0,0,0,0,No Disorder
45,31,7.7,7,75,6,70,8000,0.0,0,1,0,1,0,0,0,0,0,0,0,0,0,No Disorder
46,31,7.8,7,75,6,70,8000,0.0,0,1,0,1,0,0,0,0,0,0,0,0,0,No Disorder
47,31,7.7,7,75,6,70,8000,0.0,0,1,0,1,0,0,0,0,0,0,0,0,0,No Disorder
48,31,7.8,7,75,6,70,8000,0.0,0,1,0,1,0,0,0,0,0,0,0,0,0,No Disorder
49,31,7.7,7,75,6,70,8000,0.0,0,1,0,1,0,0,0,0,0,0,0,0,0,No Disorder
50,31,7.7,7,75,6,70,8000,0.0,0,1,0,1,0,0,0,0,0,0,0,0,0,Sleep Apnea
51,32,7.5,8,45,3,70,8000,0.0,0,1,0,0,1,0,0,0,0,0,0,0,0,No Disorder
52,32,7.5,8,45,3,70,8000,0.0,0,1,0,0,1,0,0,0,0,0,0,0,0,No Disorder
53,32,6.0,6,30,8,72,5000,0.0,0,1,0,1,0,0,0,0,0,0,0,0,0,No Disorder
54,32,7.6,7,75,6,70,8000,0.0,0,1,0,1,0,0,0,0,0,0,0,0,0,No Disorder
55,32,6.0,6,30,8,72,5000,0.0,0,1,0,1,0,0,0,0,0,0,0,0,0,No Disorder
56,32,6.0,6,30,8,72,5000,0.0,0,1,0,1,0,0,0,0,0,0,0,0,0,No Disorder
57,32,7.7,7,75,6,70,8000,0.0,0,1,0,1,0,0,0,0,0,0,0,0,0,No Disorder
58,32,6.0,6,30,8,72,5000,0.0,0,1,0,1,0,0,0,0,0,0,0,0,0,No Disorder
59,32,6.0,6,30,8,72,5000,0.0,0,1,0,1,0,0,0,0,0,0,0,0,0,No Disorder
60,32,7.7,7,75,6,70,8000,0.0,0,1,0,1,0,0,0,0,0,0,0,0,0,No Disorder
61,32,6.0,6,30,8,72,5000,0.0,0,1,0,1,0,0,0,0,0,0,0,0,0,No Disorder
62,32,6.0,6,30,8,72,5000,0.0,0,1,0,1,0,0,0,0,0,0,0,0,0,No Disorder
63,32,6.2,6,30,8,72,5000,0.0,0,1,0,1,0,0,0,0,0,0,0,0,0,No Disorder
64,32,6.2,6,30,8,72,5000,0.0,0,1,0,1,0,0,0,0,0,0,0,0,0,No Disorder
65,32,6.2,6,30,8,72,5000,0.0,0,1,0,1,0,0,0,0,0,0,0,0,0,No Disorder
66,32,6.2,6,30,8,72,5000,0.0,0,1,0,1,0,0,0,0,0,0,0,0,0,No Disorder
67,32,7.2,8,50,6,68,7000,0.0,0,1,1,0,0,0,0,0,0,0,0,0,0,No Disorder
68,33,6.0,6,30,8,72,5000,0.0,0,1,0,1,0,0,0,0,0,0,0,0,0,Insomnia
69,33,6.2,6,50,6,76,5500,1.0,1,0,0,0,0,0,0,0,0,0,1,0,0,No Disorder
70,33,6.2,6,50,6,76,5500,1.0,1,0,0,0,0,0,0,0,0,0,1,0,0,No Disorder
71,33,6.1,6,30,8,72,5000,0.0,0,1,0,1,0,0,0,0,0,0,0,0,0,No Disorder
72,33,6.1,6,30,8,72,5000,0.0,0,1,0,1,0,0,0,0,0,0,0,0,0,No Disorder
73,33,6.1,6,30,8,72,5000,0.0,0,1,0,1,0,0,0,0,0,0,0,0,0,No Disorder
74,33,6.1,6,30,8,72,5000,0.0,0,1,0,1,0,0,0,0,0,0,0,0,0,No Disorder
75,33,6.0,6,30,8,72,5000,0.0,0,1,0,1,0,0,0,0,0,0,0,0,0,No Disorder
76,33,6.0,6,30,8,72,5000,0.0,0,1,0,1,0,0,0,0,0,0,0,0,0,No Disorder
77,33,6.0,6,30,8,72,5000,0.0,0,1,0,1,0,0,0,0,0,0,0,0,0,No Disorder
78,33,6.0,6,30,8,72,5000,0.0,0,1,0,1,0,0,0,0,0,0,0,0,0,No Disorder
79,33,6.0,6,30,8,72,5000,0.0,0,1,0,1,0,0,0,0,0,0,0,0,0,No Disorder
80,33,6.0,6,30,8,72,5000,0.0,0,1,0,1,0,0,0,0,0,0,0,0,0,No Disorder
81,34,5.8,4,32,8,81,5200,1.0,1,0,0,0,0,0,0,0,0,0,1,0,0,Sleep Apnea
82,34,5.8,4,32,8,81,5200,1.0,1,0,0,0,0,0,0,0,0,0,1,0,0,Sleep Apnea
83,35,6.7,7,40,5,70,5600,1.0,0,1,0,0,0,0,0,0,0,0,0,0,1,No Disorder
84,35,6.7,7,40,5,70,5600,1.0,0,1,0,0,0,0,0,0,0,0,0,0,1,No Disorder
85,35,7.5,8,60,5,70,8000,0.0,0,1,0,0,0,0,0,0,0,0,0,1,0,No Disorder
86,35,7.2,8,60,4,68,7000,0.0,1,0,1,0,0,0,0,0,0,0,0,0,0,No Disorder
87,35,7.2,8,60,4,65,5000,0.0,0,1,0,0,1,0,0,0,0,0,0,0,0,No Disorder
88,35,7.2,8,60,4,65,5000,0.0,0,1,0,0,1,0,0,0,0,0,0,0,0,No Disorder
89,35,7.3,8,60,4,65,5000,0.0,0,1,0,0,1,0,0,0,0,0,0,0,0,No Disorder
90,35,7.3,8,60,4,65,5000,0.0,0,1,0,0,1,0,0,0,0,0,0,0,0,No Disorder
91,35,7.3,8,60,4,65,5000,0.0,0,1,0,0,1,0,0,0,0,0,0,0,0,No Disorder
92,35,7.3,8,60,4,65,5000,0.0,0,1,0,0,1,0,0,0,0,0,0,0,0,No Disorder
93,35,7.5,8,60,5,70,8000,0.0,0,1,0,0,0,0,0,0,0,0,0,1,0,No Disorder
94,35,7.4,7,60,5,84,3300,2.0,0,1,0,0,0,1,0,0,0,0,0,0,0,Sleep Apnea
95,36,7.2,8,60,4,68,7000,0.0,1,0,1,0,0,0,0,0,0,0,0,0,0,Insomnia
96,36,7.1,8,60,4,68,7000,0.0,1,0,1,0,0,0,0,0,0,0,0,0,0,No Disorder
97,36,7.2,8,60,4,68,7000,0.0,1,0,1,0,0,0,0,0,0,0,0,0,0,No Disorder
98,36,7.1,8,60,4,68,7000,0.0,1,0,1,0,0,0,0,0,0,0,0,0,0,No Disorder
99,36,7.1,8,60,4,68,7000,0.0,1,0,0,0,0,0,0,0,0,0,0,0,1,No Disorder
100,36,7.1,8,60,4,68,7000,0.0,1,0,0,0,0,0,0,0,0,0,0,0,1,No Disorder
101,36,7.2,8,60,4,68,7000,0.0,1,0,0,0,0,0,0,0,0,0,0,0,1,No Disorder
102,36,7.2,8,60,4,68,7000,0.0,1,0,0,0,0,0,0,0,0,0,0,0,1,No Disorder
103,36,7.2,8,60,4,68,7000,0.0,1,0,0,0,0,0,0,0,0,0,0,0,1,No Disorder
104,36,6.6,5,35,7,74,4800,1.0,0,1,0,0,0,0,0,0,0,0,0,0,1,Sleep Apnea
105,36,7.2,8,60,4,68,7000,0.0,1,0,0,0,0,0,0,0,0,0,0,0,1,Sleep Apnea
106,36,6.6,5,35,7,74,4800,1.0,0,1,0,0,0,0,0,0,0,0,0,0,1,Insomnia
107,37,6.1,6,42,6,77,4200,1.0,1,0,0,0,0,0,0,1,0,0,0,0,0,No Disorder
108,37,7.8,8,70,4,68,7000,0.0,0,1,0,0,1,0,0,0,0,0,0,0,0,No Disorder
109,37,7.8,8,70,4,68,7000,0.0,0,1,0,0,1,0,0,0,0,0,0,0,0,No Disorder
110,37,7.4,8,60,5,68,8000,0.0,0,1,0,0,0,1,0,0,0,0,0,0,0,No Disorder
111,37,7.2,8,60,4,68,7000,0.0,1,0,1,0,0,0,0,0,0,0,0,0,0,No Disorder
112,37,7.4,8,60,5,68,8000,0.0,0,1,0,0,0,1,0,0,0,0,0,0,0,No Disorder
113,37,7.2,8,60,4,68,7000,0.0,1,0,1,0,0,0,0,0,0,0,0,0,0,No Disorder
114,37,7.4,8,60,5,68,8000,0.0,0,1,0,0,0,1,0,0,0,0,0,0,0,No Disorder
115,37,7.2,8,60,4,68,7000,0.0,1,0,1,0,0,0,0,0,0,0,0,0,0,No Disorder
116,37,7.2,8,60,4,68,7000,0.0,1,0,1,0,0,0,0,0,0,0,0,0,0,No Disorder
117,37,7.2,8,60,4,68,7000,0.0,1,0,1,0,0,0,0,0,0,0,0,0,0,No Disorder
118,37,7.2,8,60,4,68,7000,0.0,1,0,1,0,0,0,0,0,0,0,0,0,0,No Disorder
119,37,7.2,8,60,4,68,7000,0.0,1,0,1,0,0,0,0,0,0,0,0,0,0,No Disorder
120,37,7.2,8,60,4,68,7000,0.0,1,0,1,0,0,0,0,0,0,0,0,0,0,No Disorder
121,37,7.2,8,60,4,68,7000,0.0,1,0,1,0,0,0,0,0,0,0,0,0,0,No Disorder
122,37,7.2,8,60,4,68,7000,0.0,1,0,1,0,0,0,0,0,0,0,0,0,0,No Disorder
123,37,7.2,8,60,4,68,7000,0.0,1,0,1,0,0,0,0,0,0,0,0,0,0,No Disorder
124,37,7.2,8,60,4,68,7000,0.0,1,0,1,0,0,0,0,0,0,0,0,0,0,No Disorder
125,37,7.2,8,60,4,68,7000,0.0,1,0,1,0,0,0,0,0,0,0,0,0,0,No Disorder
126,37,7.5,8,60,4,70,8000,0.0,1,0,0,0,0,0,0,1,0,0,0,0,0,No Disorder
127,38,7.3,8,60,5,68,8000,0.0,0,1,0,0,0,1,0,0,0,0,0,0,0,No Disorder
128,38,7.1,8,60,4,68,7000,0.0,1,0,1,0,0,0,0,0,0,0,0,0,0,No Disorder
129,38,7.3,8,60,5,68,8000,0.0,0,1,0,0,0,1,0,0,0,0,0,0,0,No Disorder
130,38,7.3,8,60,5,68,8000,0.0,0,1,0,0,0,1,0,0,0,0,0,0,0,No Disorder
131,38,7.1,8,60,4,68,7000,0.0,1,0,1,0,0,0,0,0,0,0,0,0,0,No Disorder
132,38,7.3,8,60,5,68,8000,0.0,0,1,0,0,0,1,0,0,0,0,0,0,0,No Disorder
133,38,7.3,8,60,5,68,8000,0.0,0,1,0,0,0,1,0,0,0,0,0,0,0,No Disorder
134,38,7.1,8,60,4,68,7000,0.0,1,0,1,0,0,0,0,0,0,0,0,0,0,No Disorder
135,38,7.3,8,60,5,68,8000,0.0,0,1,0,0,0,1,0,0,0,0,0,0,0,No Disorder
136,38,7.3,8,60,5,68,8000,0.0,0,1,0,0,0,1,0,0,0,0,0,0,0,No Disorder
137,38,7.1,8,60,4,68,7000,0.0,1,0,1,0,0,0,0,0,0,0,0,0,0,No Disorder
138,38,7.1,8,60,5,68,8000,0.0,0,1,0,0,0,1,0,0,0,0,0,0,0,No Disorder
139,38,7.1,8,60,4,68,7000,0.0,1,0,1,0,0,0,0,0,0,0,0,0,0,No Disorder
140,38,7.1,8,60,5,68,8000,0.0,0,1,0,0,0,1,0,0,0,0,0,0,0,No Disorder
141,38,7.1,8,60,4,68,7000,0.0,1,0,1,0,0,0,0,0,0,0,0,0,0,No Disorder
142,38,7.1,8,60,5,68,8000,0.0,0,1,0,0,0,1,0,0,0,0,0,0,0,No Disorder
143,38,7.1,8,60,4,68,7000,0.0,1,0,1,0,0,0,0,0,0,0,0,0,0,No Disorder
144,38,7.1,8,60,4,68,7000,0.0,1,0,1,0,0,0,0,0,0,0,0,0,0,No Disorder
145,38,7.1,8,60,5,68,8000,0.0,0,1,0,0,0,1,0,0,0,0,0,0,0,Sleep Apnea
146,38,7.4,7,60,5,84,3300,2.0,1,0,0,0,0,1,0,0,0,0,0,0,0,Sleep Apnea
147,39,7.2,8,60,5,68,8000,0.0,0,1,0,0,0,1,0,0,0,0,0,0,0,Insomnia
148,39,6.5,5,40,7,80,4000,1.0,0,1,0,0,1,0,0,0,0,0,0,0,0,Insomnia
149,39,6.9,7,50,6,75,5500,0.0,1,0,0,0,0,1,0,0,0,0,0,0,0,No Disorder
150,39,8.0,9,80,3,67,7500,0.0,1,0,1,0,0,0,0,0,0,0,0,0,0,No Disorder
151,39,8.0,9,80,3,67,7500,0.0,1,0,1,0,0,0,0,0,0,0,0,0,0,No Disorder
152,39,7.2,8,60,5,68,8000,0.0,0,1,0,0,0,1,0,0,0,0,0,0,0,No Disorder
153,39,7.2,8,60,5,68,8000,0.0,0,1,0,0,0,1,0,0,0,0,0,0,0,No Disorder
154,39,7.2,8,60,5,68,8000,0.0,0,1,0,0,0,1,0,0,0,0,0,0,0,No Disorder
155,39,7.2,8,60,5,68,8000,0.0,0,1,0,0,0,1,0,0,0,0,0,0,0,No Disorder
156,39,7.2,8,60,5,68,8000,0.0,0,1,0,0,0,1,0,0,0,0,0,0,0,No Disorder
157,39,7.2,8,60,5,68,8000,0.0,0,1,0,0,0,1,0,0,0,0,0,0,0,No Disorder
158,39,7.2,8,60,5,68,8000,0.0,0,1,0,0,0,1,0,0,0,0,0,0,0,No Disorder
159,39,7.2,8,60,5,68,8000,0.0,0,1,0,0,0,1,0,0,0,0,0,0,0,No Disorder
160,39,7.2,8,60,5,68,8000,0.0,0,1,0,0,0,1,0,0,0,0,0,0,0,No Disorder
161,39,7.2,8,60,5,68,8000,0.0,0,1,0,0,0,1,0,0,0,0,0,0,0,No Disorder
162,40,7.2,8,55,6,73,7300,0.0,1,0,1,0,0,0,0,0,0,0,0,0,0,No Disorder
163,40,7.2,8,55,6,73,7300,0.0,1,0,1,0,0,0,0,0,0,0,0,0,0,No Disorder
164,40,7.9,8,90,5,68,8000,0.0,0,1,0,0,0,1,0,0,0,0,0,0,0,No Disorder
165,40,7.9,8,90,5,68,8000,0.0,0,1,0,0,0,1,0,0,0,0,0,0,0,No Disorder
166,41,7.6,8,90,5,70,8000,0.0,0,1,0,0,0,1,0,0,0,0,0,0,0,Insomnia
167,41,7.3,8,70,6,72,6200,0.0,0,1,0,0,1,0,0,0,0,0,0,0,0,No Disorder
168,41,7.1,7,55,6,72,6000,1.0,0,1,0,0,0,1,0,0,0,0,0,0,0,No Disorder
169,41,7.1,7,55,6,72,6000,1.0,0,1,0,0,0,1,0,0,0,0,0,0,0,No Disorder
170,41,7.7,8,90,5,70,8000,0.0,0,1,0,0,0,1,0,0,0,0,0,0,0,No Disorder
171,41,7.7,8,90,5,70,8000,0.0,0,1,0,0,0,1,0,0,0,0,0,0,0,No Disorder
172,41,7.7,8,90,5,70,8000,0.0,0,1,0,0,0,1,0,0,0,0,0,0,0,No Disorder
173,41,7.7,8,90,5,70,8000,0.0,0,1,0,0,0,1,0,0,0,0,0,0,0,No Disorder
174,41,7.7,8,90,5,70,8000,0.0,0,1,0,0,0,1,0,0,0,0,0,0,0,No Disorder
175,41,7.6,8,90,5,70,8000,0.0,0,1,0,0,0,1,0,0,0,0,0,0,0,No Disorder
176,41,7.6,8,90,5,70,8000,0.0,0,1,0,0,0,1,0,0,0,0,0,0,0,No Disorder
177,41,7.6,8,90,5,70,8000,0.0,0,1,0,0,0,1,0,0,0,0,0,0,0,No Disorder
178,42,6.5,6,45,7,72,6000,1.0,0,1,0,0,0,0,0,0,0,1,0,0,0,Insomnia
179,42,7.8,8,90,5,70,8000,0.0,0,1,0,0,0,1,0,0,0,0,0,0,0,No Disorder
180,42,7.8,8,90,5,70,8000,0.0,0,1,0,0,0,1,0,0,0,0,0,0,0,No Disorder
181,42,7.8,8,90,5,70,8000,0.0,0,1,0,0,0,1,0,0,0,0,0,0,0,No Disorder
182,42,7.8,8,90,5,70,8000,0.0,0,1,0,0,0,1,0,0,0,0,0,0,0,No Disorder
183,42,7.8,8,90,5,70,8000,0.0,0,1,0,0,0,1,0,0,0,0,0,0,0,No Disorder
184,42,7.8,8,90,5,70,8000,0.0,0,1,0,0,0,1,0,0,0,0,0,0,0,No Disorder
185,42,6.8,6,45,7,78,5000,1.0,1,0,0,0,0,0,0,0,0,0,0,0,1,Sleep Apnea
186,42,6.8,6,45,7,78,5000,1.0,1,0,0,0,0,0,0,0,0,0,0,0,1,Sleep Apnea
187,43,6.7,7,45,4,65,6000,1.0,1,0,0,0,0,0,0,0,0,0,0,0,1,Insomnia
188,43,6.3,6,45,7,72,6000,1.0,0,1,0,0,0,0,0,0,0,1,0,0,0,Insomnia
189,43,6.7,7,45,4,65,6000,1.0,1,0,0,0,0,0,0,0,0,0,0,0,1,Insomnia
190,43,6.5,6,45,7,72,6000,1.0,0,1,0,0,0,0,0,0,0,1,0,0,0,Insomnia
191,43,6.7,7,45,4,65,6000,1.0,1,0,0,0,0,0,0,0,0,0,0,0,1,Insomnia
192,43,6.4,6,45,7,72,6000,1.0,0,1,0,0,0,0,0,0,0,1,0,0,0,Insomnia
193,43,6.5,6,45,7,72,6000,1.0,0,1,0,0,0,0,0,0,0,1,0,0,0,Insomnia
194,43,6.5,6,45,7,72,6000,1.0,0,1,0,0,0,0,0,0,0,1,0,0,0,Insomnia
195,43,6.5,6,45,7,72,6000,1.0,0,1,0,0,0,0,0,0,0,1,0,0,0,Insomnia
196,43,6.5,6,45,7,72,6000,1.0,0,1,0,0,0,0,0,0,0,1,0,0,0,Insomnia
197,43,6.5,6,45,7,72,6000,1.0,0,1,0,0,0,0,0,0,0,1,0,0,0,Insomnia
198,43,6.5,6,45,7,72,6000,1.0,0,1,0,0,0,0,0,0,0,1,0,0,0,Insomnia
199,43,6.5,6,45,7,72,6000,1.0,0,1,0,0,0,0,0,0,0,1,0,0,0,Insomnia
200,43,6.5,6,45,7,72,6000,1.0,0,1,0,0,0,0,0,0,0,1,0,0,0,Insomnia
201,43,6.5,6,45,7,72,6000,1.0,0,1,0,0,0,0,0,0,0,1,0,0,0,Insomnia
202,43,7.8,8,90,5,70,8000,0.0,0,1,0,0,1,0,0,0,0,0,0,0,0,Insomnia
203,43,7.8,8,90,5,70,8000,0.0,0,1,0,0,1,0,0,0,0,0,0,0,0,Insomnia
204,43,6.9,6,47,7,69,6800,0.0,0,1,0,0,1,0,0,0,0,0,0,0,0,No Disorder
205,43,7.6,8,75,4,68,6800,1.0,0,1,0,0,1,0,0,0,0,0,0,0,0,No Disorder
206,43,7.7,8,90,5,70,8000,0.0,0,1,0,0,1,0,0,0,0,0,0,0,0,No Disorder
207,43,7.7,8,90,5,70,8000,0.0,0,1,0,0,1,0,0,0,0,0,0,0,0,No Disorder
208,43,7.7,8,90,5,70,8000,0.0,0,1,0,0,1,0,0,0,0,0,0,0,0,No Disorder
209,43,7.7,8,90,5,70,8000,0.0,0,1,0,0,1,0,0,0,0,0,0,0,0,No Disorder
210,43,7.8,8,90,5,70,8000,0.0,0,1,0,0,1,0,0,0,0,0,0,0,0,No Disorder
211,43,7.7,8,90,5,70,8000,0.0,0,1,0,0,1,0,0,0,0,0,0,0,0,No Disorder
212,43,7.8,8,90,5,70,8000,0.0,0,1,0,0,1,0,0,0,0,0,0,0,0,No Disorder
213,43,7.8,8,90,5,70,8000,0.0,0,1,0,0,1,0,0,0,0,0,0,0,0,No Disorder
214,43,7.8,8,90,5,70,8000,0.0,0,1,0,0,1,0,0,0,0,0,0,0,0,No Disorder
215,43,7.8,8,90,5,70,8000,0.0,0,1,0,0,1,0,0,0,0,0,0,0,0,No Disorder
216,43,7.8,8,90,5,70,8000,0.0,0,1,0,0,1,0,0,0,0,0,0,0,0,No Disorder
217,43,7.8,8,90,5,70,8000,0.0,0,1,0,0,1,0,0,0,0,0,0,0,0,No Disorder
218,43,7.8,8,90,5,70,8000,0.0,0,1,0,0,1,0,0,0,0,0,0,0,0,No Disorder
219,43,7.8,8,90,5,70,8000,0.0,0,1,0,0,1,0,0,0,0,0,0,0,0,Sleep Apnea
220,43,6.5,6,45,7,72,6000,1.0,0,1,0,0,0,0,0,0,0,1,0,0,0,Sleep Apnea
221,44,6.6,7,45,4,65,6000,1.0,1,0,0,0,0,0,0,0,0,0,0,0,1,Insomnia
222,44,6.4,6,45,7,72,6000,1.0,0,1,0,0,0,0,0,0,0,1,0,0,0,Insomnia
223,44,6.3,6,45,7,72,6000,1.0,0,1,0,0,0,0,0,0,0,1,0,0,0,Insomnia
224,44,6.4,6,45,7,72,6000,1.0,0,1,0,0,0,0,0,0,0,1,0,0,0,Insomnia
225,44,6.6,7,45,4,65,6000,1.0,1,0,0,0,0,0,0,0,0,0,0,0,1,Insomnia
226,44,6.3,6,45,7,72,6000,1.0,0,1,0,0,0,0,0,0,0,1,0,0,0,Insomnia
227,44,6.6,7,45,4,65,6000,1.0,1,0,0,0,0,0,0,0,0,0,0,0,1,Insomnia
228,44,6.3,6,45,7,72,6000,1.0,0,1,0,0,0,0,0,0,0,1,0,0,0,Insomnia
229,44,6.6,7,45,4,65,6000,1.0,1,0,0,0,0,0,0,0,0,0,0,0,1,Insomnia
230,44,6.3,6,45,7,72,6000,1.0,0,1,0,0,0,0,0,0,0,1,0,0,0,Insomnia
231,44,6.6,7,45,4,65,6000,1.0,1,0,0,0,0,0,0,0,0,0,0,0,1,Insomnia
232,44,6.3,6,45,7,72,6000,1.0,0,1,0,0,0,0,0,0,0,1,0,0,0,Insomnia
233,44,6.6,7,45,4,65,6000,1.0,1,0,0,0,0,0,0,0,0,0,0,0,1,Insomnia
234,44,6.3,6,45,7,72,6000,1.0,0,1,0,0,0,0,0,0,0,1,0,0,0,Insomnia
235,44,6.6,7,45,4,65,6000,1.0,1,0,0,0,0,0,0,0,0,0,0,0,1,Insomnia
236,44,6.3,6,45,7,72,6000,1.0,0,1,0,0,0,0,0,0,0,1,0,0,0,Insomnia
237,44,6.4,6,45,7,72,6000,1.0,0,1,0,0,0,0,0,0,0,1,0,0,0,Insomnia
238,44,6.5,7,45,4,65,6000,1.0,1,0,0,0,0,0,0,0,0,0,0,0,1,Insomnia
239,44,6.3,6,45,7,72,6000,1.0,0,1,0,0,0,0,0,0,0,1,0,0,0,Insomnia
240,44,6.4,6,45,7,72,6000,1.0,0,1,0,0,0,0,0,0,0,1,0,0,0,Insomnia
241,44,6.5,7,45,4,65,6000,1.0,1,0,0,0,0,0,0,0,0,0,0,0,1,Insomnia
242,44,6.3,6,45,7,72,6000,1.0,0,1,0,0,0,0,0,0,0,1,0,0,0,Insomnia
243,44,6.4,6,45,7,72,6000,1.0,0,1,0,0,0,0,0,0,0,1,0,0,0,Insomnia
244,44,6.5,7,45,4,65,6000,1.0,1,0,0,0,0,0,0,0,0,0,0,0,1,Insomnia
245,44,6.3,6,45,7,72,6000,1.0,0,1,0,0,0,0,0,0,0,1,0,0,0,Insomnia
246,44,6.5,7,45,4,65,6000,1.0,1,0,0,0,0,0,0,0,0,0,0,0,1,Insomnia
247,44,6.3,6,45,7,72,6000,1.0,0,1,0,0,0,0,0,0,0,1,0,0,0,Insomnia
248,44,6.8,7,45,7,78,5000,1.0,0,1,0,0,1,0,0,0,0,0,0,0,0,Insomnia
249,44,6.4,6,45,7,72,6000,1.0,0,1,0,0,0,0,0,0,0,1,0,0,0,No Disorder
250,44,6.5,6,45,7,72,6000,1.0,0,1,0,0,0,0,0,0,0,1,0,0,0,No Disorder
251,45,6.8,7,30,6,65,6000,1.0,1,0,0,0,0,0,0,0,0,0,0,0,1,Insomnia
252,45,6.8,7,30,6,65,6000,1.0,1,0,0,0,0,0,0,0,0,0,0,0,1,Insomnia
253,45,6.5,7,45,4,65,6000,1.0,1,0,0,0,0,0,0,0,0,0,0,0,1,Insomnia
254,45,6.5,7,45,4,65,6000,1.0,1,0,0,0,0,0,0,0,0,0,0,0,1,Insomnia
255,45,6.5,7,45,4,65,6000,1.0,1,0,0,0,0,0,0,0,0,0,0,0,1,Insomnia
256,45,6.5,7,45,4,65,6000,1.0,1,0,0,0,0,0,0,0,0,0,0,0,1,Insomnia
257,45,6.6,7,45,4,65,6000,1.0,1,0,0,0,0,0,0,0,0,0,0,0,1,Insomnia
258,45,6.6,7,45,4,65,6000,1.0,1,0,0,0,0,0,0,0,0,0,0,0,1,Insomnia
259,45,6.6,7,45,4,65,6000,1.0,1,0,0,0,0,0,0,0,0,0,0,0,1,Insomnia
260,45,6.6,7,45,4,65,6000,1.0,1,0,0,0,0,0,0,0,0,0,0,0,1,Insomnia
261,45,6.6,7,45,4,65,6000,1.0,1,0,0,0,0,0,0,0,0,0,0,0,1,Insomnia
262,45,6.6,7,45,4,65,6000,1.0,1,0,0,0,0,0,0,0,0,0,0,0,1,No Disorder
263,45,6.6,7,45,4,65,6000,1.0,1,0,0,0,0,0,0,0,0,0,0,0,1,No Disorder
264,45,6.9,7,55,5,75,5500,1.0,1,0,0,0,0,0,1,0,0,0,0,0,0,No Disorder
265,48,7.3,7,65,5,83,3500,2.0,0,1,0,1,0,0,0,0,0,0,0,0,0,Insomnia
266,48,5.9,6,90,8,75,10000,1.0,1,0,0,0,0,0,0,1,0,0,0,0,0,Sleep Apnea
267,48,7.3,7,65,5,83,3500,2.0,0,1,0,1,0,0,0,0,0,0,0,0,0,Insomnia
268,49,6.2,6,90,8,75,10000,1.0,1,0,0,0,0,0,0,1,0,0,0,0,0,No Disorder
269,49,6.0,6,90,8,75,10000,1.0,1,0,0,0,0,0,0,1,0,0,0,0,0,Sleep Apnea
270,49,6.1,6,90,8,75,10000,1.0,1,0,0,0,0,0,0,1,0,0,0,0,0,Sleep Apnea
271,49,6.1,6,90,8,75,10000,1.0,1,0,0,0,0,0,0,1,0,0,0,0,0,Sleep Apnea
272,49,6.1,6,90,8,75,10000,1.0,1,0,0,0,0,0,0,1,0,0,0,0,0,Sleep Apnea
273,49,6.1,6,90,8,75,10000,1.0,1,0,0,0,0,0,0,1,0,0,0,0,0,Sleep Apnea
274,49,6.2,6,90,8,75,10000,1.0,1,0,0,0,0,0,0,1,0,0,0,0,0,Sleep Apnea
275,49,6.2,6,90,8,75,10000,1.0,1,0,0,0,0,0,0,1,0,0,0,0,0,Sleep Apnea
276,49,6.2,6,90,8,75,10000,1.0,1,0,0,0,0,0,0,1,0,0,0,0,0,Sleep Apnea
277,49,8.1,9,85,3,86,3700,2.0,0,1,0,1,0,0,0,0,0,0,0,0,0,Sleep Apnea
278,49,8.1,9,85,3,86,3700,2.0,0,1,0,1,0,0,0,0,0,0,0,0,0,Sleep Apnea
279,50,6.1,6,90,8,75,10000,1.0,1,0,0,0,0,0,0,1,0,0,0,0,0,Insomnia
280,50,8.3,9,30,3,65,5000,0.0,1,0,0,0,1,0,0,0,0,0,0,0,0,No Disorder
281,50,6.0,6,90,8,75,10000,1.0,1,0,0,0,0,0,0,1,0,0,0,0,0,No Disorder
282,50,6.1,6,90,8,75,10000,1.0,1,0,0,0,0,0,0,1,0,0,0,0,0,Sleep Apnea
283,50,6.0,6,90,8,75,10000,1.0,1,0,0,0,0,0,0,1,0,0,0,0,0,Sleep Apnea
284,50,6.0,6,90,8,75,10000,1.0,1,0,0,0,0,0,0,1,0,0,0,0,0,Sleep Apnea
285,50,6.0,6,90,8,75,10000,1.0,1,0,0,0,0,0,0,1,0,0,0,0,0,Sleep Apnea
286,50,6.0,6,90,8,75,10000,1.0,1,0,0,0,0,0,0,1,0,0,0,0,0,Sleep Apnea
287,50,6.0,6,90,8,75,10000,1.0,1,0,0,0,0,0,0,1,0,0,0,0,0,Sleep Apnea
288,50,6.0,6,90,8,75,10000,1.0,1,0,0,0,0,0,0,1,0,0,0,0,0,Sleep Apnea
289,50,6.0,6,90,8,75,10000,1.0,1,0,0,0,0,0,0,1,0,0,0,0,0,Sleep Apnea
290,50,6.1,6,90,8,75,10000,1.0,1,0,0,0,0,0,0,1,0,0,0,0,0,Sleep Apnea
291,50,6.0,6,90,8,75,10000,1.0,1,0,0,0,0,0,0,1,0,0,0,0,0,Sleep Apnea
292,50,6.1,6,90,8,75,10000,1.0,1,0,0,0,0,0,0,1,0,0,0,0,0,Sleep Apnea
293,50,6.1,6,90,8,75,10000,1.0,1,0,0,0,0,0,0,1,0,0,0,0,0,Sleep Apnea
294,50,6.0,6,90,8,75,10000,1.0,1,0,0,0,0,0,0,1,0,0,0,0,0,Sleep Apnea
295,50,6.1,6,90,8,75,10000,1.0,1,0,0,0,0,0,0,1,0,0,0,0,0,Sleep Apnea
296,50,6.0,6,90,8,75,10000,1.0,1,0,0,0,0,0,0,1,0,0,0,0,0,Sleep Apnea
297,50,6.1,6,90,8,75,10000,1.0,1,0,0,0,0,0,0,1,0,0,0,0,0,Sleep Apnea
298,50,6.1,6,90,8,75,10000,1.0,1,0,0,0,0,0,0,1,0,0,0,0,0,Sleep Apnea
299,51,8.5,9,30,3,65,5000,0.0,1,0,0,0,1,0,0,0,0,0,0,0,0,No Disorder
300,51,8.5,9,30,3,65,5000,0.0,1,0,0,0,1,0,0,0,0,0,0,0,0,No Disorder
301,51,8.5,9,30,3,65,5000,0.0,1,0,0,0,1,0,0,0,0,0,0,0,0,No Disorder
302,51,8.5,9,30,3,65,5000,0.0,1,0,0,0,1,0,0,0,0,0,0,0,0,No Disorder
303,51,7.1,7,55,6,72,6000,0.0,1,0,0,0,0,0,0,1,0,0,0,0,0,No Disorder
304,51,6.0,6,90,8,75,10000,1.0,1,0,0,0,0,0,0,1,0,0,0,0,0,Sleep Apnea
305,51,6.1,6,90,8,75,10000,1.0,1,0,0,0,0,0,0,1,0,0,0,0,0,Sleep Apnea
306,51,6.1,6,90,8,75,10000,1.0,1,0,0,0,0,0,0,1,0,0,0,0,0,Sleep Apnea
307,52,6.5,7,45,7,72,6000,1.0,1,0,1,0,0,0,0,0,0,0,0,0,0,Insomnia
308,52,6.5,7,45,7,72,6000,1.0,1,0,1,0,0,0,0,0,0,0,0,0,0,Insomnia
309,52,6.6,7,45,7,72,6000,1.0,1,0,1,0,0,0,0,0,0,0,0,0,0,Insomnia
310,52,6.6,7,45,7,72,6000,1.0,1,0,1,0,0,0,0,0,0,0,0,0,0,Insomnia
311,52,6.6,7,45,7,72,6000,1.0,1,0,1,0,0,0,0,0,0,0,0,0,0,Insomnia
312,52,6.6,7,45,7,72,6000,1.0,1,0,1,0,0,0,0,0,0,0,0,0,0,Insomnia
313,52,8.4,9,30,3,65,5000,0.0,1,0,0,0,1,0,0,0,0,0,0,0,0,No Disorder
314,52,8.4,9,30,3,65,5000,0.0,1,0,0,0,1,0,0,0,0,0,0,0,0,No Disorder
315,52,8.4,9,30,3,65,5000,0.0,1,0,0,0,1,0,0,0,0,0,0,0,0,No Disorder
316,53,8.3,9,30,3,65,5000,0.0,1,0,0,0,1,0,0,0,0,0,0,0,0,Insomnia
317,53,8.5,9,30,3,65,5000,0.0,1,0,0,0,1,0,0,0,0,0,0,0,0,No Disorder
318,53,8.5,9,30,3,65,5000,0.0,1,0,0,0,1,0,0,0,0,0,0,0,0,No Disorder
319,53,8.4,9,30,3,65,5000,0.0,1,0,0,0,1,0,0,0,0,0,0,0,0,No Disorder
320,53,8.4,9,30,3,65,5000,0.0,1,0,0,0,1,0,0,0,0,0,0,0,0,No Disorder
321,53,8.5,9,30,3,65,5000,0.0,1,0,0,0,1,0,0,0,0,0,0,0,0,No Disorder
322,53,8.4,9,30,3,65,5000,0.0,1,0,0,0,1,0,0,0,0,0,0,0,0,No Disorder
323,53,8.4,9,30,3,65,5000,0.0,1,0,0,0,1,0,0,0,0,0,0,0,0,No Disorder
324,53,8.5,9,30,3,65,5000,0.0,1,0,0,0,1,0,0,0,0,0,0,0,0,No Disorder
325,53,8.3,9,30,3,65,5000,0.0,1,0,0,0,1,0,0,0,0,0,0,0,0,No Disorder
326,53,8.5,9,30,3,65,5000,0.0,1,0,0,0,1,0,0,0,0,0,0,0,0,No Disorder
327,53,8.3,9,30,3,65,5000,0.0,1,0,0,0,1,0,0,0,0,0,0,0,0,No Disorder
328,53,8.5,9,30,3,65,5000,0.0,1,0,0,0,1,0,0,0,0,0,0,0,0,No Disorder
329,53,8.3,9,30,3,65,5000,0.0,1,0,0,0,1,0,0,0,0,0,0,0,0,No Disorder
330,53,8.5,9,30,3,65,5000,0.0,1,0,0,0,1,0,0,0,0,0,0,0,0,No Disorder
331,53,8.5,9,30,3,65,5000,0.0,1,0,0,0,1,0,0,0,0,0,0,0,0,No Disorder
332,53,8.4,9,30,3,65,5000,0.0,1,0,0,0,1,0,0,0,0,0,0,0,0,No Disorder
333,54,8.4,9,30,3,65,5000,0.0,1,0,0,0,1,0,0,0,0,0,0,0,0,No Disorder
334,54,8.4,9,30,3,65,5000,0.0,1,0,0,0,1,0,0,0,0,0,0,0,0,No Disorder
335,54,8.4,9,30,3,65,5000,0.0,1,0,0,0,1,0,0,0,0,0,0,0,0,No Disorder
336,54,8.4,9,30,3,65,5000,0.0,1,0,0,0,1,0,0,0,0,0,0,0,0,No Disorder
337,54,8.4,9,30,3,65,5000,0.0,1,0,0,0,1,0,0,0,0,0,0,0,0,No Disorder
338,54,8.4,9,30,3,65,5000,0.0,1,0,0,0,1,0,0,0,0,0,0,0,0,No Disorder
339,54,8.5,9,30,3,65,5000,0.0,1,0,0,0,1,0,0,0,0,0,0,0,0,No Disorder
340,55,8.1,9,75,4,72,5000,1.0,1,0,0,0,0,0,0,1,0,0,0,0,0,Sleep Apnea
341,55,8.1,9,75,4,72,5000,1.0,1,0,0,0,0,0,0,1,0,0,0,0,0,Sleep Apnea
342,56,8.2,9,90,3,65,10000,0.0,1,0,0,1,0,0,0,0,0,0,0,0,0,No Disorder
343,56,8.2,9,90,3,65,10000,0.0,1,0,0,1,0,0,0,0,0,0,0,0,0,No Disorder
344,57,8.1,9,75,3,68,7000,1.0,1,0,0,0,0,0,0,1,0,0,0,0,0,No Disorder
345,57,8.2,9,75,3,68,7000,1.0,1,0,0,0,0,0,0,1,0,0,0,0,0,Sleep Apnea
346,57,8.2,9,75,3,68,7000,1.0,1,0,0,0,0,0,0,1,0,0,0,0,0,Sleep Apnea
347,57,8.2,9,75,3,68,7000,1.0,1,0,0,0,0,0,0,1,0,0,0,0,0,Sleep Apnea
348,57,8.2,9,75,3,68,7000,1.0,1,0,0,0,0,0,0,1,0,0,0,0,0,Sleep Apnea
349,57,8.2,9,75,3,68,7000,1.0,1,0,0,0,0,0,0,1,0,0,0,0,0,Sleep Apnea
350,57,8.1,9,75,3,68,7000,1.0,1,0,0,0,0,0,0,1,0,0,0,0,0,Sleep Apnea
351,57,8.1,9,75,3,68,7000,1.0,1,0,0,0,0,0,0,1,0,0,0,0,0,Sleep Apnea
352,57,8.1,9,75,3,68,7000,1.0,1,0,0,0,0,0,0,1,0,0,0,0,0,Sleep Apnea
353,58,8.0,9,75,3,68,7000,1.0,1,0,0,0,0,0,0,1,0,0,0,0,0,Sleep Apnea
354,58,8.0,9,75,3,68,7000,1.0,1,0,0,0,0,0,0,1,0,0,0,0,0,Sleep Apnea
355,58,8.0,9,75,3,68,7000,1.0,1,0,0,0,0,0,0,1,0,0,0,0,0,Sleep Apnea
356,58,8.0,9,75,3,68,7000,1.0,1,0,0,0,0,0,0,1,0,0,0,0,0,Sleep Apnea
357,58,8.0,9,75,3,68,7000,1.0,1,0,0,0,0,0,0,1,0,0,0,0,0,Sleep Apnea
358,58,8.0,9,75,3,68,7000,1.0,1,0,0,0,0,0,0,1,0,0,0,0,0,Sleep Apnea
359,59,8.0,9,75,3,68,7000,1.0,1,0,0,0,0,0,0,1,0,0,0,0,0,No Disorder
360,59,8.1,9,75,3,68,7000,1.0,1,0,0,0,0,0,0,1,0,0,0,0,0,No Disorder
361,59,8.2,9,75,3,68,7000,1.0,1,0,0,0,0,0,0,1,0,0,0,0,0,Sleep Apnea
362,59,8.2,9,75,3,68,7000,1.0,1,0,0,0,0,0,0,1,0,0,0,0,0,Sleep Apnea
363,59,8.2,9,75,3,68,7000,1.0,1,0,0,0,0,0,0,1,0,0,0,0,0,Sleep Apnea
364,59,8.2,9,75,3,68,7000,1.0,1,0,0,0,0,0,0,1,0,0,0,0,0,Sleep Apnea
365,59,8.0,9,75,3,68,7000,1.0,1,0,0,0,0,0,0,1,0,0,0,0,0,Sleep Apnea
366,59,8.0,9,75,3,68,7000,1.0,1,0,0,0,0,0,0,1,0,0,0,0,0,Sleep Apnea
367,59,8.1,9,75,3,68,7000,1.0,1,0,0,0,0,0,0,1,0,0,0,0,0,Sleep Apnea
368,59,8.0,9,75,3,68,7000,1.0,1,0,0,0,0,0,0,1,0,0,0,0,0,Sleep Apnea
369,59,8.1,9,75,3,68,7000,1.0,1,0,0,0,0,0,0,1,0,0,0,0,0,Sleep Apnea
370,59,8.1,9,75,3,68,7000,1.0,1,0,0,0,0,0,0,1,0,0,0,0,0,Sleep Apnea
371,59,8.0,9,75,3,68,7000,1.0,1,0,0,0,0,0,0,1,0,0,0,0,0,Sleep Apnea
372,59,8.1,9,75,3,68,7000,1.0,1,0,0,0,0,0,0,1,0,0,0,0,0,Sleep Apnea
373,59,8.1,9,75,3,68,7000,1.0,1,0,0,0,0,0,0,1,0,0,0,0,0,Sleep Apnea
374,59,8.1,9,75,3,68,7000,1.0,1,0,0,0,0,0,0,1,0,0,0,0,0,Sleep Apnea
